start=161.663253
volume=75.000000
